-1.0
-1.0
-1.0
0.0
-1.0
-1.0
-1.0
0.0
-1.0
0.0
0.0
-1.0
-1.0
0.0
-1.0
0.0
0.0
0.0
0.0
0.0
0.0
0.0
0.0
0.0
0.0
0.0
0.0
0.0
0.0
0.0
0.0
0.0
0.0
0.0
0.0
0.0
0.0
0.0
0.0
0.0
0.0
0.0
0.0
0.0
0.0
0.0
0.0
0.0
0.0
0.0
0.0
0.0
0.0
0.0
0.0
0.0
0.0
3.0
3.0
3.0
3.0
3.0
3.0
3.0
3.0
3.0
3.0
3.0
12.0
12.0
-1.0
12.0
12.0
-1.0
10.0
10.0
10.0
10.0
10.0
10.0
10.0
10.0
10.0
10.0
10.0
10.0
12.0
-1.0
-1.0
2.0
2.0
2.0
2.0
2.0
2.0
2.0
10.0
10.0
10.0
10.0
10.0
10.0
10.0
10.0
10.0
8.0
8.0
8.0
8.0
8.0
8.0
8.0
8.0
8.0
8.0
8.0
8.0
8.0
4.0
4.0
4.0
4.0
4.0
4.0
4.0
4.0
4.0
4.0
8.0
8.0
8.0
14.0
14.0
9.0
9.0
9.0
9.0
9.0
14.0
8.0
8.0
14.0
14.0
-1.0
14.0
14.0
14.0
9.0
9.0
9.0
9.0
9.0
14.0
14.0
14.0
14.0
9.0
9.0
9.0
9.0
9.0
14.0
14.0
14.0
14.0
6.0
6.0
6.0
6.0
6.0
6.0
6.0
6.0
6.0
6.0
6.0
6.0
6.0
6.0
6.0
6.0
6.0
6.0
6.0
6.0
6.0
6.0
6.0
6.0
6.0
13.0
13.0
13.0
13.0
13.0
13.0
13.0
13.0
11.0
11.0
11.0
11.0
11.0
11.0
11.0
-1.0
11.0
11.0
11.0
11.0
11.0
11.0
12.0
12.0
11.0
11.0
11.0
11.0
11.0
11.0
11.0
11.0
11.0
11.0
11.0
11.0
11.0
11.0
11.0
11.0
11.0
11.0
11.0
11.0
12.0
12.0
12.0
12.0
12.0
12.0
12.0
12.0
12.0
2.0
-1.0
-1.0
-1.0
-1.0
-1.0
-1.0
-1.0
-1.0
-1.0
-1.0
-1.0
-1.0
-1.0
-1.0
-1.0
-1.0
-1.0
-1.0
-1.0
-1.0
-1.0
-1.0
-1.0
-1.0
-1.0
-1.0
-1.0
-1.0
-1.0
-1.0
-1.0
-1.0
-1.0
-1.0
-1.0
-1.0
-1.0
2.0
2.0
2.0
2.0
2.0
2.0
2.0
-1.0
2.0
2.0
2.0
2.0
-1.0
-1.0
2.0
2.0
2.0
2.0
2.0
2.0
12.0
12.0
12.0
12.0
2.0
2.0
2.0
-1.0
2.0
-1.0
-1.0
-1.0
-1.0
-1.0
-1.0
-1.0
-1.0
-1.0
-1.0
-1.0
-1.0
-1.0
-1.0
-1.0
-1.0
-1.0
-1.0
-1.0
12.0
12.0
12.0
12.0
12.0
10.0
10.0
10.0
10.0
10.0
12.0
12.0
12.0
-1.0
12.0
12.0
-1.0
12.0
3.0
3.0
3.0
1.0
1.0
1.0
1.0
1.0
3.0
3.0
3.0
3.0
3.0
3.0
3.0
3.0
3.0
3.0
3.0
3.0
-1.0
1.0
1.0
1.0
1.0
1.0
1.0
1.0
1.0
1.0
-1.0
1.0
1.0
1.0
1.0
1.0
1.0
3.0
3.0
3.0
3.0
3.0
8.0
8.0
8.0
8.0
8.0
8.0
8.0
8.0
14.0
8.0
8.0
14.0
9.0
9.0
14.0
14.0
14.0
14.0
8.0
8.0
8.0
8.0
8.0
8.0
14.0
9.0
9.0
9.0
14.0
14.0
14.0
9.0
-1.0
9.0
14.0
8.0
8.0
8.0
8.0
8.0
14.0
14.0
14.0
-1.0
-1.0
-1.0
-1.0
-1.0
-1.0
14.0
14.0
8.0
8.0
8.0
4.0
4.0
4.0
4.0
4.0
4.0
4.0
4.0
6.0
6.0
6.0
6.0
6.0
6.0
6.0
6.0
6.0
6.0
6.0
6.0
6.0
6.0
6.0
6.0
6.0
6.0
6.0
6.0
6.0
6.0
6.0
6.0
6.0
6.0
6.0
6.0
6.0
6.0
6.0
6.0
14.0
-1.0
14.0
6.0
6.0
6.0
6.0
6.0
6.0
6.0
6.0
6.0
-1.0
6.0
6.0
6.0
6.0
6.0
13.0
13.0
13.0
13.0
5.0
-1.0
5.0
5.0
5.0
5.0
5.0
5.0
5.0
5.0
5.0
-1.0
5.0
5.0
5.0
5.0
5.0
5.0
-1.0
7.0
7.0
7.0
7.0
7.0
7.0
7.0
7.0
7.0
7.0
7.0
7.0
7.0
7.0
7.0
7.0
7.0
2.0
2.0
5.0
5.0
5.0
13.0
5.0
5.0
5.0
2.0
2.0
-1.0
-1.0
2.0
5.0
13.0
13.0
13.0
13.0
13.0
13.0
2.0
2.0
2.0
2.0
5.0
5.0
5.0
7.0
7.0
2.0
2.0
2.0
2.0
2.0
2.0
5.0
13.0
7.0
7.0
-1.0
7.0
13.0
7.0
7.0
7.0
7.0
13.0
13.0
13.0
-1.0
-1.0
